tempint1 
  7.74e-05  0.000107  0.000149  0.000205  0.000282  0.000386  0.000524  0.000707  0.000948   0.00126   0.00167    0.0022   0.00288   0.00375   0.00486   0.00627   0.00806    0.0103    0.0131    0.0166     0.021    0.0264     0.033    0.0411    0.0509    0.0627     0.077    0.0939     0.114     0.138     0.165     0.197     0.233     0.274      0.32     0.371     0.427     0.486     0.549     0.615     0.681     0.747      0.81     0.867     0.917     0.943      0.97     0.989     0.997         1         1         1     0.997     0.989     0.969     0.939     0.911     0.854     0.787     0.713     0.636     0.557     0.481     0.409     0.343     0.283     0.231     0.187     0.149     0.118    0.0926    0.0722    0.0559    0.0431    0.0331    0.0253    0.0193    0.0147    0.0112    0.0085   0.00646   0.00491   0.00374   0.00285   0.00218   0.00167   0.00128  0.000982  0.000757  0.000586  0.000454  0.000353  0.000276  0.000216   0.00017  0.000134  0.000106  8.42e-05  6.71e-05  5.36e-05   4.3e-05
m(2) 
  4.57e-09  1.44e-08  6.21e-08   3.5e-07  3.35e-06  1.64e-05  1.31e-05  1.66e-05   2.1e-05   2.6e-05  3.21e-05  3.96e-05  4.86e-05  5.94e-05  7.24e-05  8.72e-05  0.000103  0.000119  0.000132  0.000141  0.000146  0.000148  0.000147  0.000145  0.000142   0.00014  0.000139  0.000139  0.000139   0.00014  0.000141  0.000143  0.000146  0.000149  0.000152  0.000155  0.000158  0.000161  0.000164  0.000166  0.000168  0.000168  0.000168  0.000167  0.000164  0.000162  0.000159  0.000155  0.000151  0.000148  0.000147  0.000145  0.000142  0.000137   0.00013  0.000122  0.000116  0.000105  9.42e-05  8.33e-05  7.28e-05  6.27e-05  5.33e-05  4.48e-05  3.72e-05  3.05e-05  2.47e-05  1.99e-05  1.58e-05  1.25e-05  9.77e-06  7.61e-06  5.89e-06  4.53e-06  3.48e-06  2.66e-06  2.03e-06  1.54e-06  1.17e-06   8.9e-07  6.76e-07  5.14e-07  3.91e-07  2.97e-07  2.27e-07  1.73e-07  1.33e-07  1.02e-07  7.83e-08  6.04e-08  4.68e-08  3.63e-08  2.83e-08  2.21e-08  1.73e-08  1.36e-08  1.07e-08  8.49e-09  6.74e-09  5.37e-09   4.3e-09
m(3) 
  2.37e-08  4.93e-08  1.01e-07  2.04e-07  4.05e-07  7.92e-07  1.52e-06  2.89e-06  5.39e-06   9.9e-06  1.79e-05  3.19e-05  5.58e-05  9.63e-05  0.000164  0.000274  0.000451   0.00073   0.00117   0.00183   0.00283   0.00431   0.00646   0.00954    0.0139    0.0198    0.0279    0.0387    0.0528    0.0709    0.0939     0.122     0.157     0.198     0.246     0.301     0.362     0.429     0.501     0.576     0.652     0.726     0.796      0.86     0.914     0.941     0.969     0.989     0.997         1         1         1     0.997     0.989     0.969     0.941     0.914      0.86     0.796     0.726     0.652     0.576     0.501     0.429     0.362     0.301     0.246     0.198     0.157     0.122    0.0938    0.0709    0.0528    0.0387    0.0279    0.0198    0.0139   0.00954   0.00646   0.00431   0.00283   0.00183   0.00117   0.00073  0.000451  0.000274  0.000164  9.63e-05  5.58e-05  3.19e-05  1.79e-05   9.9e-06  5.39e-06  2.89e-06  1.52e-06  7.92e-07  4.05e-07  2.04e-07  1.01e-07  4.93e-08  2.37e-08
xdistance
 1.69e+04 7.43e+03 2.39e+03 587 84.4 23.6 40 42.6 45.2 48.5 52 55.6 59.3 63.1 67.2 71.9 78.1 86.8 99.5 118 144 179 225 284 357 447 553 678 822 985 1.17e+03 1.37e+03 1.6e+03 1.84e+03 2.11e+03 2.39e+03 2.7e+03 3.02e+03 3.35e+03 3.7e+03 4.07e+03 4.44e+03 4.82e+03 5.2e+03 5.58e+03 5.81e+03 6.11e+03 6.4e+03 6.61e+03 6.75e+03 6.82e+03 6.89e+03 7.03e+03 7.22e+03 7.47e+03 7.71e+03 7.87e+03 8.13e+03 8.36e+03 8.56e+03 8.74e+03 8.89e+03 9.02e+03 9.13e+03 9.22e+03 9.29e+03 9.35e+03 9.39e+03 9.43e+03 9.45e+03 9.47e+03 9.49e+03 9.5e+03 9.51e+03 9.52e+03 9.52e+03 9.53e+03 9.53e+03 9.54e+03 9.55e+03 9.55e+03 9.56e+03 9.57e+03 9.58e+03 9.6e+03 9.61e+03 9.63e+03 9.65e+03 9.66e+03 9.69e+03 9.71e+03 9.73e+03 9.76e+03 9.79e+03 9.82e+03 9.85e+03 9.88e+03 9.91e+03 9.95e+03 9.98e+03 1e+04

tempint1 
  2.11e-10  3.89e-10  7.17e-10  1.32e-09  2.44e-09  4.49e-09   8.3e-09  1.54e-08  2.85e-08  5.29e-08  9.86e-08  1.84e-07  3.45e-07  6.49e-07  1.22e-06  2.31e-06  4.36e-06  8.25e-06  1.56e-05  2.95e-05  5.57e-05  0.000105  0.000196  0.000363  0.000668   0.00122   0.00219   0.00386    0.0067    0.0114    0.0189    0.0306    0.0482    0.0736     0.109     0.156     0.216     0.289     0.373     0.466     0.564     0.661     0.753     0.834     0.901     0.934     0.967     0.988     0.997         1         1         1     0.997     0.989     0.972     0.947     0.925     0.882     0.834     0.783      0.73     0.677     0.625     0.575     0.527     0.482      0.44       0.4     0.364     0.331       0.3     0.272     0.246     0.223     0.202     0.183     0.166     0.151     0.137     0.124     0.112     0.102    0.0929    0.0844    0.0769      0.07    0.0638    0.0582    0.0532    0.0486    0.0444    0.0407    0.0373    0.0342    0.0314    0.0288    0.0265    0.0244    0.0225    0.0207    0.0191
m(2) 
   6.2e-10  1.08e-09  1.89e-09  3.31e-09  5.81e-09  1.02e-08   1.8e-08  3.19e-08  5.65e-08  1.01e-07   1.8e-07  3.22e-07  5.79e-07  1.04e-06  1.89e-06  3.42e-06  6.22e-06  1.13e-05  2.06e-05  3.74e-05  6.77e-05  0.000122   0.00022  0.000392  0.000692   0.00121   0.00209   0.00354   0.00591   0.00965    0.0154     0.024    0.0364    0.0535    0.0765     0.106     0.142     0.185     0.234     0.287     0.342     0.396     0.449     0.496     0.538      0.56     0.584     0.604     0.616     0.622     0.625     0.627     0.631     0.635     0.637     0.636     0.633     0.624     0.613     0.598     0.582     0.564     0.546     0.527     0.508     0.489     0.471     0.453     0.436      0.42     0.405      0.39     0.377     0.364     0.352     0.341     0.331     0.322     0.313     0.306     0.299     0.292     0.286      0.28     0.276     0.271     0.267     0.263      0.26     0.256     0.253      0.25     0.247     0.244      0.24     0.236     0.232     0.228     0.223     0.218     0.212
m(3) 
  2.37e-08  4.93e-08  1.01e-07  2.04e-07  4.05e-07  7.92e-07  1.52e-06  2.89e-06  5.39e-06   9.9e-06  1.79e-05  3.19e-05  5.58e-05  9.63e-05  0.000164  0.000274  0.000451   0.00073   0.00117   0.00183   0.00283   0.00431   0.00646   0.00954    0.0139    0.0198    0.0279    0.0387    0.0528    0.0709    0.0939     0.122     0.157     0.198     0.246     0.301     0.362     0.429     0.501     0.576     0.652     0.726     0.796      0.86     0.914     0.941     0.969     0.989     0.997         1         1         1     0.997     0.989     0.969     0.941     0.914      0.86     0.796     0.726     0.652     0.576     0.501     0.429     0.362     0.301     0.246     0.198     0.157     0.122    0.0939    0.0709    0.0528    0.0387    0.0279    0.0198    0.0139   0.00954   0.00646   0.00431   0.00283   0.00183   0.00117   0.00073  0.000451  0.000274  0.000164  9.63e-05  5.58e-05  3.19e-05  1.79e-05   9.9e-06  5.39e-06  2.89e-06  1.52e-06  7.92e-07  4.05e-07  2.04e-07  1.01e-07  4.93e-08  2.37e-08
xdistance
 0.34 0.359 0.379 0.399 0.419 0.44 0.461 0.482 0.504 0.526 0.549 0.572 0.597 0.621 0.647 0.674 0.701 0.73 0.759 0.79 0.822 0.856 0.891 0.927 0.965 1.01 1.05 1.09 1.13 1.18 1.23 1.28 1.33 1.38 1.42 1.47 1.51 1.56 1.59 1.62 1.65 1.67 1.68 1.68 1.68 1.67 1.65 1.64 1.62 1.61 1.6 1.59 1.58 1.56 1.52 1.49 1.46 1.41 1.36 1.31 1.25 1.2 1.15 1.09 1.04 0.985 0.934 0.883 0.834 0.787 0.741 0.697 0.654 0.613 0.574 0.537 0.502 0.468 0.436 0.406 0.376 0.35 0.325 0.301 0.279 0.258 0.239 0.221 0.205 0.19 0.176 0.163 0.151 0.14 0.131 0.122 0.114 0.107 0.101 0.095 0.0901

tempint1 
  1.59e-05  2.12e-05  2.84e-05   3.8e-05  5.11e-05  6.89e-05  9.31e-05  0.000126  0.000171  0.000232  0.000316   0.00043  0.000587    0.0008   0.00109   0.00149   0.00203   0.00276   0.00375   0.00508   0.00688   0.00927    0.0124    0.0166    0.0221    0.0293    0.0385    0.0503    0.0653    0.0839     0.107     0.135     0.169     0.209     0.255     0.309     0.368     0.434     0.504     0.577     0.652     0.726     0.796     0.859     0.913      0.94     0.969     0.989     0.997         1         1         1     0.997     0.989     0.969     0.941     0.915     0.862       0.8     0.732     0.661     0.589     0.518      0.45     0.386     0.327     0.274     0.228     0.187     0.153     0.123    0.0987    0.0784    0.0619    0.0485    0.0377    0.0292    0.0224    0.0171     0.013   0.00983   0.00739   0.00551   0.00409   0.00302   0.00221   0.00161   0.00116  0.000826  0.000584  0.000409  0.000283  0.000193  0.000131  8.74e-05  5.78e-05  3.63e-05  1.91e-05  9.56e-06  3.35e-13   3.9e-18
m(2) 
   3.8e-08  5.14e-08  6.96e-08  9.45e-08  1.29e-07  1.76e-07   2.4e-07   3.3e-07  4.53e-07  6.24e-07  8.61e-07  1.19e-06  1.64e-06  2.27e-06  3.14e-06  4.34e-06     6e-06  8.28e-06  1.14e-05  1.57e-05  2.16e-05  2.95e-05  4.02e-05  5.45e-05  7.37e-05   9.9e-05  0.000132  0.000175  0.000231  0.000302  0.000391  0.000501  0.000637  0.000801  0.000995   0.00122   0.00148   0.00178    0.0021   0.00245   0.00281   0.00319   0.00356   0.00391   0.00423   0.00441   0.00461   0.00477   0.00487   0.00492   0.00494   0.00495   0.00498   0.00499   0.00497    0.0049   0.00482   0.00463   0.00439    0.0041   0.00378   0.00344   0.00309   0.00274    0.0024   0.00208   0.00179   0.00152   0.00128   0.00107  0.000884  0.000726  0.000592  0.000479  0.000385  0.000308  0.000245  0.000194  0.000153   0.00012  9.32e-05  7.23e-05  5.58e-05  4.29e-05  3.28e-05  2.49e-05  1.88e-05  1.41e-05  1.05e-05  7.77e-06  5.69e-06  4.13e-06  2.97e-06  2.12e-06   1.5e-06  1.06e-06   7.1e-07  4.01e-07  2.17e-07  8.28e-15  9.62e-20
m(3) 
  2.37e-08  4.93e-08  1.01e-07  2.04e-07  4.05e-07  7.92e-07  1.52e-06  2.89e-06  5.39e-06   9.9e-06  1.79e-05  3.19e-05  5.58e-05  9.63e-05  0.000164  0.000274  0.000451   0.00073   0.00117   0.00183   0.00283   0.00431   0.00646   0.00954    0.0139    0.0198    0.0279    0.0387    0.0528    0.0709    0.0939     0.122     0.157     0.198     0.246     0.301     0.362     0.429     0.501     0.576     0.652     0.726     0.796      0.86     0.914     0.941     0.969     0.989     0.997         1         1         1     0.997     0.989     0.969     0.941     0.914      0.86     0.796     0.726     0.652     0.576     0.501     0.429     0.362     0.301     0.246     0.198     0.157     0.122    0.0939    0.0709    0.0528    0.0387    0.0279    0.0198    0.0139   0.00954   0.00646   0.00431   0.00283   0.00183   0.00117   0.00073  0.000451  0.000274  0.000164  9.63e-05  5.58e-05  3.19e-05  1.79e-05   9.9e-06  5.39e-06  2.89e-06  1.52e-06  7.92e-07  4.05e-07  2.04e-07  1.01e-07  4.93e-08  2.37e-08
xdistance
 418 413 408 403 397 392 387 382 377 372 367 362 357 352 348 343 338 333 328 324 319 314 310 305 301 296 292 287 283 278 274 269 265 261 257 252 248 244 240 236 232 228 224 220 216 213 210 207 205 203 203 202 200 198 195 192 190 186 182 179 175 171 168 164 161 157 153 150 146 143 140 136 133 129 126 122 119 116 112 109 105 102 98.8 95.4 92 88.7 85.3 82 78.6 75.2 71.8 68.4 65 61.6 58.1 54.7 51.2 47.7 44.1 40.5 40.5

tempint1 
  3.26e-27  2.41e-26  1.78e-25  1.32e-24  9.73e-24  7.19e-23  6.84e-06  1.73e-05  3.57e-05  5.95e-05   9.4e-05  0.000147  0.000227  0.000347  0.000522  0.000777   0.00114   0.00166   0.00239    0.0034   0.00481   0.00674   0.00937    0.0129    0.0177     0.024    0.0322     0.043    0.0568    0.0744    0.0964     0.124     0.156     0.196     0.242     0.296     0.356     0.422     0.494     0.569     0.646     0.721     0.793     0.857     0.912      0.94     0.969     0.989     0.997         1         1         1     0.997     0.989      0.97     0.942     0.916     0.864     0.804     0.738     0.669     0.599      0.53     0.464     0.402     0.345     0.294     0.248     0.207     0.172     0.142     0.117    0.0955    0.0776    0.0628    0.0507    0.0407    0.0327    0.0261    0.0208    0.0166    0.0132    0.0105   0.00836   0.00664   0.00527   0.00419   0.00333   0.00265   0.00211   0.00168   0.00134   0.00107  0.000858  0.000688  0.000552  0.000444  0.000358  0.000289  0.000234  0.000189
m(2) 
  6.53e-27  4.82e-26  3.56e-25  2.63e-24  1.95e-23  1.44e-22  1.37e-05  3.47e-05  7.13e-05  0.000119  0.000188  0.000294  0.000454  0.000693   0.00104   0.00155   0.00228   0.00332   0.00478   0.00681   0.00962    0.0135    0.0187    0.0258    0.0353    0.0479    0.0645     0.086     0.114     0.149     0.193     0.247     0.313     0.392     0.485     0.591     0.712     0.845     0.988      1.14      1.29      1.44      1.59      1.71      1.82      1.88      1.94      1.98      1.99         2         2         2      1.99      1.98      1.94      1.88      1.83      1.73      1.61      1.48      1.34       1.2      1.06     0.929     0.805     0.691     0.588     0.496     0.415     0.345     0.285     0.234     0.191     0.155     0.126     0.101    0.0815    0.0653    0.0522    0.0417    0.0332    0.0264     0.021    0.0167    0.0133    0.0105   0.00838   0.00666    0.0053   0.00422   0.00337   0.00269   0.00215   0.00172   0.00138    0.0011  0.000888  0.000716  0.000578  0.000467  0.000379
m(3) 
  2.37e-08  4.93e-08  1.01e-07  2.04e-07  4.05e-07  7.93e-07  1.52e-06  2.89e-06  5.39e-06   9.9e-06  1.79e-05  3.19e-05  5.58e-05  9.63e-05  0.000164  0.000274  0.000451   0.00073   0.00117   0.00183   0.00283   0.00431   0.00646   0.00954    0.0139    0.0198    0.0279    0.0387    0.0528    0.0709    0.0939     0.122     0.157     0.198     0.246     0.301     0.362     0.429     0.501     0.576     0.652     0.726     0.796      0.86     0.914     0.941     0.969     0.989     0.997         1         1         1     0.997     0.989     0.969     0.941     0.914      0.86     0.796     0.726     0.652     0.576     0.501     0.429     0.362     0.301     0.246     0.198     0.157     0.122    0.0939    0.0709    0.0528    0.0387    0.0279    0.0198    0.0139   0.00954   0.00646   0.00431   0.00283   0.00183   0.00117   0.00073  0.000451  0.000274  0.000164  9.63e-05  5.58e-05  3.19e-05  1.79e-05   9.9e-06  5.39e-06  2.89e-06  1.52e-06  7.92e-07  4.05e-07  2.04e-07  1.01e-07  4.93e-08  2.37e-08
xdistance
 0.5 0.5 0.5 0.5 0.5 0.5 0.5 0.5 0.5 0.5 0.5 0.5 0.5 0.5 0.5 0.5 0.5 0.5 0.5 0.5 0.5 0.5 0.5 0.5 0.5 0.5 0.5 0.5 0.5 0.5 0.5 0.5 0.5 0.5 0.5 0.5 0.5 0.5 0.5 0.5 0.5 0.5 0.5 0.5 0.5 0.5 0.5 0.5 0.5 0.5 0.5 0.5 0.5 0.5 0.5 0.5 0.5 0.5 0.5 0.5 0.5 0.5 0.5 0.5 0.5 0.5 0.5 0.5 0.5 0.5 0.5 0.5 0.5 0.5 0.5 0.5 0.5 0.5 0.5 0.5 0.5 0.5 0.5 0.5 0.5 0.5 0.5 0.5 0.5 0.5 0.5 0.5 0.5 0.5 0.5 0.5 0.5 0.5 0.5 0.5 0.5

tempint1 
         0         0         0         0         0  1.31e-12  4.37e-12  1.44e-11  4.63e-11  1.47e-10  4.56e-10  1.39e-09  4.19e-09  1.24e-08  3.58e-08  1.02e-07  2.83e-07  7.72e-07  2.05e-06  5.32e-06  1.34e-05  3.28e-05  7.77e-05  0.000178  0.000393  0.000837   0.00171   0.00337   0.00637    0.0116    0.0201    0.0335    0.0536    0.0822     0.121     0.172     0.235      0.31     0.395     0.486     0.581     0.675     0.762      0.84     0.904     0.935     0.967     0.988     0.997         1         1         1     0.997     0.989     0.971     0.946     0.923     0.878     0.827     0.772     0.716     0.659     0.603      0.55     0.499     0.451     0.406     0.365     0.327     0.293     0.262     0.234     0.209     0.186     0.166     0.148     0.132     0.118     0.105    0.0941    0.0841    0.0753    0.0675    0.0605    0.0543    0.0488    0.0439    0.0395    0.0356    0.0322    0.0291    0.0263    0.0238    0.0216    0.0196    0.0179    0.0163    0.0148    0.0135    0.0124    0.0113
m(2) 
         0         0         0         0         0  2.61e-12  8.75e-12  2.87e-11  9.26e-11  2.93e-10  9.12e-10  2.79e-09  8.38e-09  2.47e-08  7.16e-08  2.04e-07  5.67e-07  1.54e-06   4.1e-06  1.06e-05  2.68e-05  6.56e-05  0.000155  0.000356  0.000786   0.00167   0.00343   0.00675    0.0127    0.0231    0.0402     0.067     0.107     0.164     0.243     0.344      0.47      0.62     0.789     0.973      1.16      1.35      1.52      1.68      1.81      1.87      1.93      1.98      1.99         2         2         2      1.99      1.98      1.94      1.89      1.85      1.76      1.65      1.54      1.43      1.32      1.21       1.1     0.997     0.901     0.812      0.73     0.654     0.586     0.524     0.468     0.417     0.372     0.332     0.296     0.264     0.236     0.211     0.188     0.168     0.151     0.135     0.121     0.109    0.0976    0.0878     0.079    0.0713    0.0643    0.0582    0.0526    0.0477    0.0433    0.0393    0.0357    0.0325    0.0297    0.0271    0.0247    0.0226
m(3) 
  2.37e-08  4.93e-08  1.01e-07  2.04e-07  6.07e-07  7.92e-07  1.52e-06  2.89e-06  5.39e-06   9.9e-06  1.79e-05  3.19e-05  5.58e-05  9.63e-05  0.000164  0.000274  0.000451   0.00073   0.00117   0.00183   0.00283   0.00431   0.00646   0.00954    0.0139    0.0198    0.0279    0.0387    0.0528    0.0709    0.0939     0.122     0.157     0.198     0.246     0.301     0.362     0.429     0.501     0.576     0.652     0.726     0.796      0.86     0.914     0.941     0.969     0.989     0.997         1         1         1     0.997     0.989     0.969     0.941     0.914      0.86     0.796     0.726     0.652     0.576     0.501     0.429     0.362     0.301     0.246     0.198     0.157     0.122    0.0939    0.0709    0.0528    0.0387    0.0279    0.0198    0.0139   0.00954   0.00646   0.00431   0.00283   0.00183   0.00117   0.00073  0.000451  0.000274  0.000164  9.63e-05  5.58e-05  3.19e-05  1.79e-05   9.9e-06  5.39e-06  2.89e-06  1.52e-06  7.92e-07  4.05e-07  2.04e-07  1.01e-07  4.93e-08  2.37e-08
xdistance
 0.5 0.5 0.5 0.5 0.5 0.5 0.5 0.5 0.5 0.5 0.5 0.5 0.5 0.5 0.5 0.5 0.5 0.5 0.5 0.5 0.5 0.5 0.5 0.5 0.5 0.5 0.5 0.5 0.5 0.5 0.5 0.5 0.5 0.5 0.5 0.5 0.5 0.5 0.5 0.5 0.5 0.5 0.5 0.5 0.5 0.5 0.5 0.5 0.5 0.5 0.5 0.5 0.5 0.5 0.5 0.5 0.5 0.5 0.5 0.5 0.5 0.5 0.5 0.5 0.5 0.5 0.5 0.5 0.5 0.5 0.5 0.5 0.5 0.5 0.5 0.5 0.5 0.5 0.5 0.5 0.5 0.5 0.5 0.5 0.5 0.5 0.5 0.5 0.5 0.5 0.5 0.5 0.5 0.5 0.5 0.5 0.5 0.5 0.5 0.5 0.5

tempint1 
  4.04e-12  4.57e-12  5.18e-12  5.88e-12   6.7e-12  7.66e-12  1.89e-14  1.24e-05   2.9e-05  5.38e-05  8.96e-05  0.000146  0.000233  0.000366  0.000563   0.00085   0.00126   0.00185   0.00268   0.00383   0.00542   0.00759    0.0105    0.0145    0.0197    0.0266    0.0355    0.0471    0.0617    0.0802     0.103     0.131     0.165     0.205     0.252     0.305     0.365     0.431     0.502     0.576     0.651     0.725     0.795     0.859     0.913      0.94     0.969     0.989     0.997         1         1         1     0.997     0.989     0.969     0.941     0.915     0.862     0.801     0.733     0.662     0.591      0.52     0.452     0.389      0.33     0.278     0.232     0.191     0.157     0.127     0.103    0.0822    0.0654    0.0518    0.0408     0.032     0.025    0.0195    0.0151    0.0117   0.00904   0.00698   0.00538   0.00414   0.00319   0.00246   0.00189   0.00146   0.00112  0.000866  0.000669  0.000518  0.000401  0.000311  0.000242  0.000189  0.000147  0.000115  9.05e-05  7.12e-05
m(2) 
  2.21e-12  2.52e-12  2.88e-12  3.29e-12  3.78e-12  4.36e-12  1.06e-13  6.22e-05  0.000132  0.000225  0.000345   0.00052  0.000776   0.00114   0.00165   0.00235   0.00331   0.00461   0.00634   0.00865    0.0117    0.0156    0.0208    0.0274    0.0359    0.0466      0.06    0.0767    0.0972     0.122     0.152     0.187     0.227     0.274     0.326     0.384     0.446     0.512      0.58     0.647     0.712     0.772     0.825     0.868       0.9     0.913     0.922     0.923     0.917     0.911     0.907     0.902     0.891     0.871     0.838     0.799     0.766     0.705      0.64     0.574     0.507     0.442     0.381     0.324     0.273     0.227     0.187     0.153     0.124    0.0994    0.0792    0.0626    0.0492    0.0384    0.0298    0.0231    0.0178    0.0136    0.0104   0.00794   0.00604   0.00459   0.00348   0.00264     0.002   0.00151   0.00114  0.000866  0.000656  0.000497  0.000378  0.000287  0.000219  0.000167  0.000127  9.75e-05  7.48e-05  5.75e-05  4.44e-05  3.43e-05  2.66e-05
m(3) 
  2.37e-08  4.93e-08  1.01e-07  2.04e-07  4.05e-07  7.92e-07  1.52e-06  2.89e-06  5.39e-06   9.9e-06  1.79e-05  3.19e-05  5.58e-05  9.63e-05  0.000164  0.000274  0.000451   0.00073   0.00117   0.00183   0.00283   0.00431   0.00646   0.00954    0.0139    0.0198    0.0279    0.0387    0.0528    0.0709    0.0939     0.122     0.157     0.198     0.246     0.301     0.362     0.429     0.501     0.576     0.652     0.726     0.796      0.86     0.914     0.941     0.969     0.989     0.997         1         1         1     0.997     0.989     0.969     0.941     0.914      0.86     0.796     0.726     0.652     0.576     0.501     0.429     0.362     0.301     0.246     0.198     0.157     0.122    0.0939    0.0709    0.0528    0.0387    0.0279    0.0198    0.0139   0.00954   0.00646   0.00431   0.00283   0.00183   0.00117   0.00073  0.000451  0.000274  0.000164  9.63e-05  5.58e-05  3.19e-05  1.79e-05   9.9e-06  5.39e-06  2.89e-06  1.52e-06  7.92e-07  4.05e-07  2.04e-07  1.01e-07  4.93e-08  2.37e-08
xdistance
 1.82 1.81 1.8 1.79 1.77 1.76 0.178 0.199 0.219 0.24 0.26 0.28 0.3 0.321 0.341 0.361 0.382 0.402 0.423 0.444 0.464 0.485 0.506 0.527 0.549 0.57 0.592 0.613 0.635 0.657 0.68 0.702 0.725 0.748 0.771 0.794 0.818 0.842 0.866 0.89 0.914 0.939 0.964 0.989 1.01 1.03 1.05 1.07 1.09 1.1 1.1 1.11 1.12 1.14 1.16 1.18 1.19 1.22 1.25 1.28 1.31 1.34 1.36 1.39 1.42 1.45 1.48 1.51 1.54 1.58 1.61 1.64 1.67 1.7 1.74 1.77 1.8 1.83 1.87 1.9 1.94 1.97 2.01 2.04 2.08 2.11 2.15 2.18 2.22 2.26 2.29 2.33 2.37 2.41 2.44 2.48 2.52 2.56 2.6 2.64 2.68

tempint1 
   0.00117   0.00145   0.00179   0.00222   0.00273   0.00336   0.00412   0.00505   0.00617   0.00752   0.00914    0.0111    0.0134    0.0162    0.0195    0.0234     0.028    0.0334    0.0398    0.0473    0.0559     0.066    0.0776     0.091     0.106     0.124     0.144     0.166     0.191     0.219     0.251     0.285     0.323     0.364     0.408     0.456     0.295     0.559     0.614      0.67     0.726     0.781     0.833     0.882     0.925     0.947     0.972     0.989     0.997         1         0         0         0         0         0         0         0         0         0         0         0         0         0         0         0         0         0         0         0         0         0         0         0         0         0         0         0         0         0         0         0         0         0         0         0         0         0         0         0         0         0         0         0         0         0         0         0         0         0         0         0
m(2) 
     3e-05  3.74e-05  4.66e-05   5.8e-05   7.2e-05  8.91e-05   0.00011  0.000136  0.000167  0.000206  0.000252  0.000308  0.000376  0.000458  0.000556  0.000674  0.000815  0.000983   0.00118   0.00142    0.0017   0.00203   0.00241   0.00286   0.00339     0.004   0.00471   0.00552   0.00646   0.00753   0.00875    0.0101    0.0117    0.0134    0.0154    0.0176    0.0116    0.0226    0.0254    0.0285    0.0318    0.0353     0.039    0.0428    0.0467     0.049    0.0521    0.0551    0.0573    0.0587         0         0         0         0         0         0         0         0         0         0         0         0         0         0         0         0         0         0         0         0         0         0         0         0         0         0         0         0         0         0         0         0         0         0         0         0         0         0         0         0         0         0         0         0         0         0         0         0         0         0         0
m(3) 
   2.3e-85  1.93e-86   1.6e-87   1.3e-88  1.04e-89  8.25e-91  6.41e-92  4.91e-93   3.7e-94  2.75e-95  2.01e-96  1.44e-97  1.02e-98 7.12e-100 4.88e-101  3.3e-102 2.19e-103 1.44e-104 9.26e-106 5.87e-107 3.67e-108 2.26e-109 1.37e-110 8.15e-112 4.78e-113 2.76e-114 1.57e-115  8.8e-117 4.85e-118 2.63e-119 1.41e-120  7.4e-122 3.83e-123 1.95e-124 9.81e-126 4.85e-127 2.33e-128 1.13e-129 5.33e-131 2.47e-132 1.13e-133 5.09e-135 2.25e-136 9.82e-138 4.22e-139 6.33e-140 5.01e-141 3.92e-142 5.77e-143  1.6e-143         1     0.257     0.243     0.229     0.217     0.206     0.195     0.185     0.176     0.167     0.159     0.151     0.144     0.137     0.131     0.125     0.119     0.114     0.109     0.104    0.0995 1.36e-170 4.08e-172 1.21e-173 3.52e-175 1.01e-176 2.85e-178 7.93e-180 2.17e-181 5.85e-183 1.55e-184 4.05e-186 1.04e-187 2.64e-189 6.58e-191 1.61e-192  3.9e-194 9.27e-196 2.17e-197    5e-199 1.13e-200 2.53e-202 5.57e-204 1.21e-205 2.57e-207  5.4e-209 1.12e-210 2.27e-212 4.54e-214 8.95e-216 1.74e-217
xdistance
 38.9 38.7 38.5 38.2 38 37.7 37.4 37.2 36.9 36.6 36.3 36 35.7 35.4 35.1 34.7 34.4 34 33.7 33.3 32.9 32.6 32.2 31.8 31.4 30.9 30.5 30 29.6 29.1 28.6 28.1 27.6 27.1 26.5 26 25.4 24.8 24.1 23.5 22.8 22.1 21.4 20.6 19.8 19.3 18.7 18 17.4 17 5.28e+04 1.01e+04 5.44e+04 8.39e+04 3.2e+03 8.46e+03 2.56e+03 328 6.52e+04 5.9e+04 4.72e+04 9.5e+03 6.37e+04 7.3e+04 1.62e+04 6.94e+04 1.53e+04 4.14e+04 8.21e+04 9.65e+04 9.65e+04 9.65e+04 9.65e+04 9.65e+04 9.65e+04 9.65e+04 9.65e+04 9.65e+04 9.65e+04 9.65e+04 9.65e+04 9.65e+04 9.65e+04 9.65e+04 9.65e+04 9.65e+04 9.65e+04 9.65e+04 9.65e+04 9.65e+04 9.65e+04 9.65e+04 9.65e+04 9.65e+04 9.65e+04 9.65e+04 9.65e+04 9.65e+04 9.65e+04 9.65e+04 9.65e+04

tempint1 
         0         0         0         0         0         0         0         0         0         0         0  3.59e-14  1.12e-08  2.32e-07  6.09e-07  2.51e-42  1.13e-06  3.52e-09  1.55e-06  6.31e-07  2.05e-06  2.39e-06  3.06e-19  9.33e-32  4.56e-06  6.25e-06  9.52e-06  2.05e-05  0.000218  0.000691   0.00184   0.00455    0.0106    0.0232     0.047    0.0871     0.147     0.226     0.024     0.429      0.54     0.647     0.746     0.831       0.9     0.933     0.967     0.988     0.997         1         0         0         0         0         0         0         0         0         0         0         0         0         0         0         0         0         0         0         0         0         0         0         0         0         0         0         0         0         0         0         0         0         0         0         0         0         0         0         0         0         0         0         0         0         0         0         0         0         0         0         0
m(2) 
         0         0         0         0         0         0         0         0         0         0         0  1.23e-16  2.93e-11  6.12e-11  4.18e-11  9.79e-47  3.51e-11  9.56e-14  4.04e-11  1.68e-11  6.02e-11  8.23e-11  1.33e-23  5.25e-36  3.44e-10  7.22e-10   2.2e-09   2.5e-08  0.000353   0.00241   0.00563    0.0123    0.0251    0.0443    0.0658     0.087     0.108     0.129    0.0119     0.166      0.18      0.19     0.197     0.199     0.198     0.195     0.191     0.185      0.18     0.176         0         0         0         0         0         0         0         0         0         0         0         0         0         0         0         0         0         0         0         0         0         0         0         0         0         0         0         0         0         0         0         0         0         0         0         0         0         0         0         0         0         0         0         0         0         0         0         0         0         0         0
m(3) 
         0         0         0         0         0         0         0         0         0         0         0         0         0         0         0         0         0         0         0         0         0         0         0         0         0         0         0         0         0         0         0         0         0         0         0         0         0         0         0         0         0         0         0         0         0         0         0         0         0         0         1         0         0         0         0         0         0         0         0         0         0         0         0         0         0         0         0         0         0         0         0         0         0         0         0         0         0         0         0         0         0         0         0         0         0         0         0         0         0         0         0         0         0         0         0         0         0         0         0         0         0
xdistance
 3.79e+06 3.03e+06 2.8e+06 3.62e+06 3.59e+06 3.5e+06 4.47e+06 2.96e+06 2.91e+06 3.61e+06 3.65e+06 291 382 3.79e+03 1.46e+04 2.56e+04 3.22e+04 3.68e+04 3.83e+04 3.75e+04 3.4e+04 2.91e+04 2.31e+04 1.78e+04 1.33e+04 8.65e+03 4.34e+03 819 0.618 0.287 0.327 0.369 0.421 0.523 0.714 1 1.36 1.76 2.01 2.58 3 3.4 3.79 4.18 4.55 4.77 5.06 5.34 5.55 5.69 1.98e+06 3.9e+09 3.28e+09 3.04e+09 3.42e+09 3.97e+09 4.05e+09 4.02e+09 3.99e+09 4.04e+09 3.68e+09 4.05e+09 4e+09 4.03e+09 4.02e+09 3.98e+09 4.01e+09 3.04e+09 4.04e+09 4.01e+09 4.04e+09 3.95e+09 4.04e+09 3.99e+09 3.92e+09 3.92e+09 4e+09 4e+09 4.02e+09 3.04e+09 4.03e+09 4.01e+09 4.01e+09 4.01e+09 3.97e+09 3.97e+09 3.97e+09 4.03e+09 3.99e+09 3.96e+09 4.04e+09 4.03e+09 3.04e+09 4.05e+09 4.02e+09 4.04e+09 3.91e+09 3.96e+09 4.05e+09 4.05e+09 4.05e+09

tempint1 
  2.31e-06  1.14e-05   1.2e-05  2.37e-06  1.34e-05  1.44e-05  1.55e-05   1.7e-05  1.89e-05  2.13e-05  2.45e-05  2.86e-05  3.42e-05  4.22e-05  5.52e-05  8.28e-05  0.000176  0.000867   0.00278   0.00575   0.00989    0.0153    0.0224    0.0313    0.0423    0.0556    0.0716    0.0905     0.113     0.139     0.169     0.203     0.241  0.000101     0.332     0.383     0.439     0.499     0.561     0.289      0.69     0.753     0.814      0.87     0.919     0.944      0.97     0.989     0.997         1         0         0         0         0         0         0         0         0         0         0         0         0         0         0         0         0         0         0         0         0         0         0         0         0         0         0         0         0         0         0         0         0         0         0         0         0         0         0         0         0         0         0         0         0         0         0         0         0         0         0         0
m(2) 
  2.85e-10  1.44e-09  1.61e-09  3.59e-10  2.26e-09  2.84e-09  3.69e-09  4.98e-09  7.03e-09  1.05e-08  1.68e-08  3.05e-08  7.12e-08  3.63e-07  5.07e-07  5.38e-07   2.7e-06   0.00014  0.000214  0.000266  0.000381  0.000537  0.000746   0.00101   0.00134   0.00174   0.00223   0.00281    0.0035   0.00433   0.00527   0.00636    0.0076  3.21e-06    0.0106    0.0123    0.0142    0.0162    0.0183   0.00949    0.0227    0.0249     0.027    0.0289    0.0305    0.0313     0.032    0.0325    0.0326    0.0326         0         0         0         0         0         0         0         0         0         0         0         0         0         0         0         0         0         0         0         0         0         0         0         0         0         0         0         0         0         0         0         0         0         0         0         0         0         0         0         0         0         0         0         0         0         0         0         0         0         0         0
m(3) 
    5e-101 7.14e-100  1.02e-98  1.48e-97  2.01e-96  2.75e-95  3.71e-94  4.92e-93  6.43e-92  8.27e-91  1.05e-89  1.31e-88   1.6e-87  1.94e-86   2.3e-85   2.7e-84  3.11e-83  3.53e-82  3.94e-81  4.33e-80  4.69e-79  5.01e-78  5.26e-77  5.43e-76  5.52e-75  5.53e-74  5.45e-73  5.29e-72  5.05e-71  4.76e-70  4.41e-69  4.02e-68  3.61e-67  3.31e-66  2.77e-65  2.38e-64     2e-63  1.66e-62  1.36e-61  1.11e-60  8.67e-60  6.76e-59  5.19e-58  3.92e-57  2.92e-56  9.66e-56  4.72e-55  2.29e-54  7.41e-54  1.62e-53         1  5.56e-54  9.34e-54  1.53e-53   2.5e-53  4.03e-53  6.37e-53  9.91e-53  1.52e-52  2.33e-52  3.55e-52  5.36e-52  8.05e-52   1.2e-51   1.6e-51  2.46e-51  3.61e-51  4.74e-51  7.13e-51  1.03e-50  1.48e-50  2.09e-50  2.94e-50  4.13e-50  5.76e-50  7.91e-50  1.09e-49  1.48e-49  2.02e-49  2.73e-49  3.69e-49     5e-49   6.7e-49  8.96e-49   1.2e-48  1.59e-48  2.08e-48  2.74e-48  3.57e-48  4.63e-48  5.93e-48  7.66e-48  9.88e-48  1.27e-47  1.63e-47  2.07e-47  2.63e-47  3.32e-47  4.21e-47  5.31e-47  6.34e-47
xdistance
 8.09e+03 7.95e+03 7.46e+03 6.61e+03 5.94e+03 5.06e+03 4.21e+03 3.42e+03 2.69e+03 2.04e+03 1.46e+03 937 480 116 109 154 65.2 6.2 13 21.6 25.9 28.4 30 31 31.6 31.9 32.1 32.2 32.2 32.1 32.1 31.9 31.8 31.5 31.4 31.2 31 30.8 30.6 30.4 30.3 30.2 30.2 30.1 30.1 30.2 30.3 30.4 30.6 30.7 2.86e+05 9.68e+04 1.41e+05 5e+04 1.51e+05 2.92e+04 9.79e+04 4.06e+04 8.15e+04 1.45e+05 1.81e+05 8.8e+03 3.52e+04 7.91e+04 1.74e+05 1.92e+05 1.42e+05 2.18e+05 1.85e+05 2.54e+05 1.28e+05 2.09e+05 3.37e+04 1.25e+05 1.1e+05 6.58e+04 9.93e+04 7.42e+04 4.79e+04 1.64e+05 8.95e+04 3.08e+05 5.7e+04 1.83e+05 2.38e+05 1.41e+05 3.05e+05 2.83e+05 2.15e+05 1.98e+05 1.96e+05 4.9e+04 4.62e+04 2.33e+05 1.15e+04 2.87e+05 2.88e+05 2.71e+05 3.18e+05 2.63e+05 8.37e+04

tempint1 
  6.59e-07  9.49e-07  1.37e-06  1.98e-06  2.89e-06  4.22e-06  6.14e-06     9e-06  1.33e-05  1.96e-05  2.88e-05  4.26e-05  6.34e-05  9.41e-05   0.00014  0.000206  0.000307  0.000455  0.000679   0.00101   0.00149   0.00218   0.00322   0.00471   0.00684    0.0099    0.0143    0.0203    0.0287    0.0402    0.0034    0.0761     0.103     0.136     0.178     0.229      0.29     0.359     0.437      0.52     0.606     0.687     0.596     0.845     0.906     0.477     0.968     0.988     0.997         1         0  5.95e-33  5.99e-33  6.12e-33  6.24e-33  6.37e-33  5.95e-33  6.58e-33   6.7e-33  7.29e-18  7.59e-18  1.03e-16  1.24e-16   1.3e-16  1.36e-16  1.43e-16 1.07e-320  1.55e-16  1.62e-16   9.8e-17   1.8e-16  1.87e-16  1.93e-16     2e-16  2.06e-16 4.77e-298  2.19e-16  2.27e-16  2.34e-16         0  2.46e-16         0   2.6e-16  2.66e-16  2.73e-16   2.8e-16  2.87e-16  2.95e-16  3.02e-16   3.1e-16  3.16e-16  3.27e-16  3.35e-16  3.44e-16  1.85e-39  3.64e-16  3.74e-16  3.84e-16  3.96e-16  4.08e-16   4.2e-16
m(2) 
  1.96e-09  3.02e-09  4.66e-09  7.23e-09  1.13e-08  1.76e-08  2.75e-08  4.31e-08   6.8e-08  1.07e-07  1.68e-07  2.66e-07  4.23e-07  6.69e-07  1.06e-06  1.67e-06  2.65e-06   4.2e-06  6.68e-06  1.05e-05  1.66e-05  2.59e-05  4.08e-05  6.34e-05  9.79e-05  0.000151  0.000231  0.000348  0.000522  0.000775  6.96e-05   0.00164   0.00234   0.00327   0.00451   0.00608   0.00805    0.0104    0.0132    0.0163    0.0197    0.0228    0.0205    0.0297    0.0324    0.0172    0.0352    0.0362    0.0366    0.0368         0  5.98e-41  5.78e-41  5.58e-41  5.31e-41  5.09e-41  4.55e-41  4.71e-41  4.51e-41  2.27e-24  2.45e-24   4.5e-24  4.73e-24  5.05e-24  5.38e-24  5.72e-24         0  6.45e-24  6.86e-24  4.05e-24  7.65e-24  8.14e-24  8.65e-24  9.14e-24  9.58e-24 2.23e-305  1.02e-23  1.03e-23  1.03e-23         0     1e-23         0  9.68e-24  9.53e-24  9.39e-24  9.28e-24  9.22e-24  9.18e-24  9.18e-24  9.21e-24  9.22e-24  9.38e-24  9.51e-24  9.67e-24  5.16e-47  1.01e-23  1.04e-23  1.07e-23  1.11e-23  1.15e-23   1.2e-23
m(3) 
  2.04e-10  4.67e-10  1.05e-09  2.33e-09  5.08e-09  1.09e-08  2.31e-08  4.81e-08  9.86e-08  1.99e-07  3.96e-07  7.74e-07  1.49e-06  2.83e-06  5.28e-06   9.7e-06  1.75e-05  3.12e-05  5.48e-05  9.46e-05  0.000161  0.000269  0.000443  0.000718   0.00115    0.0018   0.00279   0.00425   0.00638   0.00941    0.0137    0.0196    0.0276    0.0383    0.0523    0.0703     0.093     0.121     0.155     0.196     0.244     0.299      0.36     0.427     0.499     0.544     0.604     0.664     0.709     0.738         1     0.766     0.794     0.833     0.881     0.922     0.947     0.979     0.997     0.999     0.986     0.957     0.915     0.862     0.799     0.729     0.667     0.579     0.504     0.432     0.364     0.303     0.248     0.199     0.158     0.128    0.0947    0.0716    0.0533    0.0426    0.0282     0.022     0.014   0.00966   0.00655   0.00437   0.00287   0.00186   0.00118  0.000742  0.000458  0.000278  0.000167  9.81e-05  5.78e-05  3.25e-05  1.83e-05  1.01e-05   5.5e-06  2.95e-06  1.56e-06
xdistance
 336 314 293 274 256 239 224 209 196 183 171 160 150 141 132 123 116 108 102 95.4 89.6 84.1 79 74.4 69.8 65.7 61.9 58.3 55 51.9 48.9 46.4 43.9 41.7 39.6 37.7 36 34.5 33.1 31.9 30.8 30.2 29.1 28.5 28 27.7 27.5 27.3 27.2 27.2 2.11e+05 9.94e+07 1.04e+08 1.1e+08 1.18e+08 1.25e+08 1.31e+08 1.4e+08 1.49e+08 3.22e+06 3.1e+06 2.28e+07 2.61e+07 2.57e+07 2.53e+07 2.49e+07 2.46e+07 2.41e+07 2.36e+07 2.42e+07 2.36e+07 2.29e+07 2.23e+07 2.19e+07 2.15e+07 2.14e+07 2.15e+07 2.21e+07 2.27e+07 2.33e+07 2.46e+07 2.54e+07 2.68e+07 2.8e+07 2.91e+07 3.01e+07 3.12e+07 3.21e+07 3.29e+07 3.37e+07 3.43e+07 3.48e+07 3.53e+07 3.56e+07 3.58e+07 3.6e+07 3.6e+07 3.59e+07 3.57e+07 3.54e+07 3.5e+07

tempint1 
         0         0         0         0         0         0         0         0         0         0         0         0         0         0         0         0         0         0         0         0         0         0         0         0         0         0         0    0.0146    0.0361    0.0615    0.0936     0.131     0.175     0.224     0.279     0.338     0.402     0.469     0.539      0.61      0.68     0.728     0.811     0.869     0.919     0.943     0.969     0.989     0.997         1         1         1     0.997     0.989     0.968     0.937     0.906     0.844     0.768      0.68     0.585     0.486     0.387     0.294      0.21     0.139    0.0852    0.0463    0.0221   0.00895   0.00297  0.000859  0.000171  3.68e-05  5.49e-06  6.32e-07  5.16e-08   2.3e-09 4.96e-152 6.71e-153 9.08e-154 1.23e-154 1.66e-155 2.25e-156 3.05e-157 4.12e-158 5.58e-159 7.55e-160 1.02e-160 1.38e-161 1.87e-162 2.53e-163 3.43e-164 4.64e-165 6.28e-166  8.5e-167 1.15e-167 1.56e-168 2.11e-169 2.85e-170 3.86e-171
m(2) 
         0         0         0         0         0         0         0         0         0         0         0         0         0         0         0         0         0         0         0         0         0         0         0         0         0         0         0   0.00928    0.0148     0.021    0.0288    0.0376    0.0474    0.0585    0.0706    0.0837    0.0978     0.113     0.128     0.144      0.16     0.171      0.19     0.204     0.217     0.224     0.231     0.237      0.24     0.242     0.242     0.243     0.243     0.243      0.24     0.235      0.23     0.217     0.201     0.182      0.16     0.136     0.111    0.0862    0.0628    0.0423    0.0261    0.0142   0.00661   0.00259  0.000802   0.00021  3.71e-05  6.86e-06  8.57e-07  8.02e-08  5.15e-09  1.75e-10 3.79e-153 5.12e-154 6.93e-155 9.38e-156 1.27e-156 1.72e-157 2.33e-158 3.15e-159 4.26e-160 5.77e-161  7.8e-162 1.06e-162 1.43e-163 1.93e-164 2.62e-165 3.54e-166 4.79e-167 6.49e-168 8.78e-169 1.19e-169 1.61e-170 2.18e-171 2.95e-172
m(3) 
  2.37e-08  4.93e-08  1.01e-07  2.04e-07  4.05e-07  7.92e-07  1.52e-06  2.89e-06  5.39e-06   9.9e-06  1.79e-05  3.19e-05  5.58e-05  9.63e-05  0.000164  0.000274  0.000451   0.00073   0.00117   0.00183   0.00283   0.00431   0.00646   0.00954    0.0139    0.0198    0.0316    0.0387    0.0528     0.071    0.0939     0.122     0.157     0.198     0.246     0.301     0.362     0.429     0.501     0.576     0.652     0.726     0.796      0.86     0.914     0.941     0.969     0.989     0.997         1         1         1     0.997     0.989     0.969     0.941     0.914      0.86     0.796     0.726     0.652     0.576     0.501     0.429     0.362     0.301     0.246     0.198     0.157     0.122    0.0939    0.0709    0.0528    0.0387    0.0279    0.0198    0.0139   0.00954   0.00675   0.00431   0.00283   0.00183   0.00117   0.00073  0.000451  0.000274  0.000164  9.63e-05  5.58e-05  3.19e-05  1.79e-05   9.9e-06  5.39e-06  2.89e-06  1.52e-06  7.92e-07  4.05e-07  2.04e-07  1.01e-07  4.93e-08  2.37e-08
xdistance
 1.57 1.57 1.57 1.57 1.57 1.57 1.57 1.57 1.57 1.57 1.57 1.57 1.57 1.57 1.57 1.57 1.57 1.57 1.57 1.57 1.57 1.57 1.57 1.57 1.57 1.57 1.57 1.57 2.43 2.92 3.25 3.5 3.69 3.83 3.95 4.04 4.11 4.17 4.21 4.24 4.25 4.25 4.26 4.25 4.23 4.22 4.2 4.17 4.15 4.13 4.13 4.12 4.1 4.07 4.03 3.98 3.95 3.88 3.81 3.74 3.66 3.58 3.49 3.41 3.34 3.28 3.26 3.27 3.34 3.46 3.71 4.08 4.62 5.37 6.41 7.88 10 13.1 13.1 13.1 13.1 13.1 13.1 13.1 13.1 13.1 13.1 13.1 13.1 13.1 13.1 13.1 13.1 13.1 13.1 13.1 13.1 13.1 13.1 13.1 13.1

tempint1 
  2.87e-05  3.54e-05  4.38e-05  5.44e-05  6.77e-05  8.46e-05  0.000106  0.000133  0.000168  0.000213  0.000271  0.000346  0.000443  0.000569  0.000733  0.000948   0.00123    0.0016   0.00209   0.00232    0.0036   0.00474   0.00625   0.00827     0.011   0.00797    0.0102     0.015    0.0339    0.0423    0.0591    0.0715     0.102     0.132      0.17     0.217     0.273     0.339     0.415     0.498   0.00395     0.675     0.761     0.838     0.903     0.934     0.967     0.988     0.997         1         0  1.07e-34   1.4e-64         0  1.08e-34  1.13e-34         0   1.5e-34  1.55e-34  1.57e-34  1.58e-34  1.63e-34         0  1.63e-34  1.63e-34         0  1.63e-34         0  1.64e-34  1.64e-34         0         0         0  1.65e-34  1.65e-34  1.65e-34  1.65e-34  1.66e-34  1.66e-34         0  1.66e-34  1.66e-34  1.66e-34  1.67e-34  1.67e-34  1.67e-34  1.69e-34  1.72e-34  1.73e-34  1.73e-34  1.73e-34  1.73e-34  1.73e-34  1.74e-34  1.74e-34  7.42e-10  8.08e-10  8.82e-10  9.65e-10  1.06e-09  1.16e-09
m(2) 
   0.00196   0.00254   0.00329   0.00429    0.0056   0.00735   0.00969    0.0128     0.017    0.0227    0.0305     0.041    0.0554    0.0753     0.103      0.14     0.193     0.266     0.369     0.435     0.717      1.01      1.41      1.99      2.82      2.19      3.01      4.72      11.4      15.3      22.8      29.7      45.3      63.1      87.3       119       161       214       278       354      2.96       531       623       709       783       820       858       882       892       895         0  1.57e-38  2.04e-68         0  1.57e-38  1.59e-38         0  1.77e-38  1.79e-38  1.79e-38  1.79e-38  1.81e-38         0  1.81e-38  1.81e-38         0   1.8e-38         0   1.8e-38   1.8e-38         0         0         0  1.79e-38  1.79e-38  1.79e-38  1.79e-38  1.79e-38  1.79e-38         0  1.78e-38  1.78e-38  1.78e-38  1.78e-38  1.78e-38  1.78e-38  1.78e-38  1.79e-38  1.79e-38  1.79e-38  1.79e-38  1.79e-38  1.78e-38  1.79e-38  1.78e-38  1.62e-08  1.91e-08  2.28e-08  2.75e-08  3.34e-08   4.1e-08
m(3) 
  3.1e-209 6.39e-211  1.3e-212 2.59e-214  5.1e-216 9.87e-218 1.88e-219 3.53e-221 6.53e-223 1.19e-224 2.13e-226 3.75e-228 6.51e-230 1.11e-231 1.87e-233  3.1e-235 5.05e-237 8.11e-239 1.28e-240 1.97e-242 3.05e-244  4.6e-246 6.83e-248 9.99e-250 1.44e-251    2e-253 2.78e-255 3.82e-257 5.27e-259 6.97e-261 9.19e-263 1.18e-264  1.5e-266 1.88e-268 2.31e-270  2.8e-272 3.34e-274 3.93e-276 4.54e-278 5.17e-280 5.45e-282 6.39e-284 6.94e-286 7.42e-288 7.81e-290 5.04e-291  1.3e-292 3.29e-294 2.08e-295  3.3e-296         1 5.21e-297 1.04e-297 3.02e-298 1.25e-300 3.01e-302 7.49e-303 1.71e-305 1.57e-307 1.42e-309 1.26e-311  1.1e-313 3.46e-315 8.07e-318 6.74e-320 2.04e-321 4.94e-324         0         0         0         0         0         0         0         0         0         0         0         0         0         0         0         0         0         0         0         0         0         0         0         0         0         0         0         0         0         0         0         0         0         0
xdistance
 0.0146 0.014 0.0133 0.0127 0.0121 0.0115 0.0109 0.0104 0.00988 0.00938 0.00889 0.00843 0.00798 0.00756 0.00714 0.00675 0.00637 0.00601 0.00566 0.00532 0.00502 0.00471 0.00443 0.00415 0.00389 0.00363 0.0034 0.00318 0.00297 0.00277 0.00259 0.0024 0.00224 0.00209 0.00195 0.00182 0.0017 0.00159 0.00149 0.00141 0.00133 0.00127 0.00122 0.00118 0.00115 0.00114 0.00113 0.00112 0.00112 0.00112 35.7 6.84e+03 6.84e+03 6.84e+03 6.86e+03 7.07e+03 7.07e+03 8.5e+03 8.69e+03 8.78e+03 8.79e+03 9.01e+03 9.02e+03 9.03e+03 9.04e+03 9.05e+03 9.07e+03 9.08e+03 9.09e+03 9.13e+03 9.14e+03 9.15e+03 9.16e+03 9.19e+03 9.2e+03 9.21e+03 9.23e+03 9.27e+03 9.29e+03 9.3e+03 9.31e+03 9.32e+03 9.33e+03 9.39e+03 9.4e+03 9.41e+03 9.48e+03 9.59e+03 9.63e+03 9.64e+03 9.66e+03 9.67e+03 9.68e+03 9.72e+03 9.73e+03 0.0459 0.0422 0.0387 0.0352 0.0317 0.0284

tempint1 
         0         0         0         0         0  1.31e-12  4.37e-12  1.44e-11  4.63e-11  1.47e-10  4.56e-10  1.39e-09  4.19e-09  1.24e-08  3.58e-08  1.02e-07  2.83e-07  7.72e-07  2.05e-06  5.32e-06  1.34e-05  3.28e-05  7.77e-05  0.000178  0.000393  0.000837   0.00171   0.00337   0.00637    0.0116    0.0201    0.0335    0.0536    0.0822     0.121     0.172     0.235      0.31     0.395     0.486     0.581     0.675     0.762      0.84     0.904     0.935     0.967     0.988     0.997         1         1         1     0.997     0.989     0.971     0.946     0.923     0.878     0.827     0.772     0.716     0.659     0.603      0.55     0.499     0.451     0.406     0.365     0.327     0.293     0.262     0.234     0.209     0.186     0.166     0.148     0.132     0.118     0.105    0.0941    0.0841    0.0753    0.0675    0.0605    0.0543    0.0488    0.0439    0.0395    0.0356    0.0322    0.0291    0.0263    0.0238    0.0216    0.0196    0.0179    0.0163    0.0148    0.0135    0.0124    0.0113
m(2) 
         0         0         0         0         0  1.31e-12  4.37e-12  1.44e-11  4.63e-11  1.47e-10  4.56e-10  1.39e-09  4.19e-09  1.24e-08  3.58e-08  1.02e-07  2.83e-07  7.72e-07  2.05e-06  5.32e-06  1.34e-05  3.28e-05  7.77e-05  0.000178  0.000393  0.000837   0.00171   0.00337   0.00637    0.0116    0.0201    0.0335    0.0536    0.0822     0.121     0.172     0.235      0.31     0.395     0.486     0.581     0.675     0.762      0.84     0.904     0.935     0.967     0.988     0.997         1         1         1     0.997     0.989     0.971     0.946     0.923     0.878     0.827     0.772     0.716     0.659     0.603      0.55     0.499     0.451     0.406     0.365     0.327     0.293     0.262     0.234     0.209     0.186     0.166     0.148     0.132     0.118     0.105    0.0941    0.0841    0.0753    0.0675    0.0605    0.0543    0.0488    0.0439    0.0395    0.0356    0.0322    0.0291    0.0263    0.0238    0.0216    0.0196    0.0179    0.0163    0.0148    0.0135    0.0124    0.0113
m(3) 
  2.37e-08  4.93e-08  1.01e-07  2.04e-07  6.07e-07  7.92e-07  1.52e-06  2.89e-06  5.39e-06   9.9e-06  1.79e-05  3.19e-05  5.58e-05  9.63e-05  0.000164  0.000274  0.000451   0.00073   0.00117   0.00183   0.00283   0.00431   0.00646   0.00954    0.0139    0.0198    0.0279    0.0387    0.0528    0.0709    0.0939     0.122     0.157     0.198     0.246     0.301     0.362     0.429     0.501     0.576     0.652     0.726     0.796      0.86     0.914     0.941     0.969     0.989     0.997         1         1         1     0.997     0.989     0.969     0.941     0.914      0.86     0.796     0.726     0.652     0.576     0.501     0.429     0.362     0.301     0.246     0.198     0.157     0.122    0.0939    0.0709    0.0528    0.0387    0.0279    0.0198    0.0139   0.00954   0.00646   0.00431   0.00283   0.00183   0.00117   0.00073  0.000451  0.000274  0.000164  9.63e-05  5.58e-05  3.19e-05  1.79e-05   9.9e-06  5.39e-06  2.89e-06  1.52e-06  7.92e-07  4.05e-07  2.04e-07  1.01e-07  4.93e-08  2.37e-08
xdistance
 1 1 1 1 1 1 1 1 1 1 1 1 1 1 1 1 1 1 1 1 1 1 1 1 1 1 1 1 1 1 1 1 1 1 1 1 1 1 1 1 1 1 1 1 1 1 1 1 1 1 1 1 1 1 1 1 1 1 1 1 1 1 1 1 1 1 1 1 1 1 1 1 1 1 1 1 1 1 1 1 1 1 1 1 1 1 1 1 1 1 1 1 1 1 1 1 1 1 1 1 1

tempint1 
  3.94e-28  2.91e-27  2.15e-26  1.59e-25  1.17e-24  8.67e-24  6.84e-06  1.73e-05  3.57e-05  5.95e-05   9.4e-05  0.000147  0.000227  0.000347  0.000522  0.000777   0.00114   0.00166   0.00239    0.0034   0.00481   0.00674   0.00937    0.0129    0.0177     0.024    0.0322     0.043    0.0568    0.0744    0.0964     0.124     0.156     0.196     0.242     0.296     0.356     0.422     0.494     0.569     0.646     0.721     0.793     0.857     0.912      0.94     0.969     0.989     0.997         1         1         1     0.997     0.989      0.97     0.942     0.916     0.864     0.804     0.738     0.669     0.599      0.53     0.464     0.402     0.345     0.294     0.248     0.207     0.172     0.142     0.117    0.0955    0.0776    0.0628    0.0507    0.0407    0.0327    0.0261    0.0208    0.0166    0.0132    0.0105   0.00836   0.00664   0.00527   0.00419   0.00333   0.00265   0.00211   0.00168   0.00134   0.00107  0.000858  0.000688  0.000552  0.000444  0.000358  0.000289  0.000234  0.000189
m(2) 
  3.94e-28  2.91e-27  2.15e-26  1.59e-25  1.17e-24  8.67e-24  6.84e-06  1.73e-05  3.57e-05  5.95e-05   9.4e-05  0.000147  0.000227  0.000347  0.000522  0.000777   0.00114   0.00166   0.00239    0.0034   0.00481   0.00674   0.00937    0.0129    0.0177     0.024    0.0322     0.043    0.0568    0.0744    0.0964     0.124     0.156     0.196     0.242     0.296     0.356     0.422     0.494     0.569     0.646     0.721     0.793     0.857     0.912      0.94     0.969     0.989     0.997         1         1         1     0.997     0.989      0.97     0.942     0.916     0.864     0.804     0.738     0.669     0.599      0.53     0.464     0.402     0.345     0.294     0.248     0.207     0.172     0.142     0.117    0.0955    0.0776    0.0628    0.0507    0.0407    0.0327    0.0261    0.0208    0.0166    0.0132    0.0105   0.00836   0.00664   0.00527   0.00419   0.00333   0.00265   0.00211   0.00168   0.00134   0.00107  0.000858  0.000688  0.000552  0.000444  0.000358  0.000289  0.000234  0.000189
m(3) 
  2.37e-08  4.93e-08  1.01e-07  2.04e-07  4.05e-07  7.93e-07  1.52e-06  2.89e-06  5.39e-06   9.9e-06  1.79e-05  3.19e-05  5.58e-05  9.63e-05  0.000164  0.000274  0.000451   0.00073   0.00117   0.00183   0.00283   0.00431   0.00646   0.00954    0.0139    0.0198    0.0279    0.0387    0.0528    0.0709    0.0939     0.122     0.157     0.198     0.246     0.301     0.362     0.429     0.501     0.576     0.652     0.726     0.796      0.86     0.914     0.941     0.969     0.989     0.997         1         1         1     0.997     0.989     0.969     0.941     0.914      0.86     0.796     0.726     0.652     0.576     0.501     0.429     0.362     0.301     0.246     0.198     0.157     0.122    0.0939    0.0709    0.0528    0.0387    0.0279    0.0198    0.0139   0.00954   0.00646   0.00431   0.00283   0.00183   0.00117   0.00073  0.000451  0.000274  0.000164  9.63e-05  5.58e-05  3.19e-05  1.79e-05   9.9e-06  5.39e-06  2.89e-06  1.52e-06  7.92e-07  4.05e-07  2.04e-07  1.01e-07  4.93e-08  2.37e-08
xdistance
 1 1 1 1 1 1 1 1 1 1 1 1 1 1 1 1 1 1 1 1 1 1 1 1 1 1 1 1 1 1 1 1 1 1 1 1 1 1 1 1 1 1 1 1 1 1 1 1 1 1 1 1 1 1 1 1 1 1 1 1 1 1 1 1 1 1 1 1 1 1 1 1 1 1 1 1 1 1 1 1 1 1 1 1 1 1 1 1 1 1 1 1 1 1 1 1 1 1 1 1 1

tempint1 
         0         0         0         0         0         0         0         0         0         0         0  3.59e-14  1.12e-08  2.32e-07  6.09e-07  2.51e-42  1.13e-06  1.34e-06  1.55e-06  1.78e-06   6.4e-08  1.19e-11  2.86e-06  3.54e-06  4.56e-06  6.25e-06  9.52e-06  2.29e-05  0.000218  0.000691   0.00184   0.00455    0.0106    0.0232     0.047    0.0871     0.147     0.226     0.024     0.429      0.54     0.647     0.746     0.831       0.9     0.933     0.967     0.988     0.997         1         0         0         0         0         0         0         0         0         0         0         0         0         0         0         0         0         0         0         0         0         0         0         0         0         0         0         0         0         0         0         0         0         0         0         0         0         0         0         0         0         0         0         0         0         0         0         0         0         0         0         0
m(2) 
         0         0         0         0         0         0         0         0         0         0         0  2.46e-16  5.87e-11  1.13e-10  8.36e-11  1.96e-46  7.03e-11  7.32e-11  8.08e-11  9.48e-11  3.75e-12  8.25e-16  2.44e-10  4.03e-10  7.24e-10  1.44e-09  4.39e-09  5.52e-08  0.000707   0.00482    0.0113    0.0246    0.0503    0.0887     0.132     0.174     0.216     0.258    0.0239     0.332      0.36     0.381     0.393     0.398     0.395     0.391     0.382      0.37     0.359     0.351         0         0         0         0         0         0         0         0         0         0         0         0         0         0         0         0         0         0         0         0         0         0         0         0         0         0         0         0         0         0         0         0         0         0         0         0         0         0         0         0         0         0         0         0         0         0         0         0         0         0         0
m(3) 
         0         0         0         0         0         0         0         0         0         0         0         0         0         0         0         0         0         0         0         0         0         0         0         0         0         0         0         0         0         0         0         0         0         0         0         0         0         0         0         0         0         0         0         0         0         0         0         0         0         0         1         0         0         0         0         0         0         0         0         0         0         0         0         0         0         0         0         0         0         0         0         0         0         0         0         0         0         0         0         0         0         0         0         0         0         0         0         0         0         0         0         0         0         0         0         0         0         0         0         0         0
xdistance
 1.76e+06 1.63e+06 2.6e+06 1.91e+06 3.69e+05 1.4e+06 1.54e+06 1.42e+06 1.87e+06 1.38e+06 3.78e+06 146 191 2.06e+03 7.29e+03 1.28e+04 1.61e+04 1.83e+04 1.91e+04 1.88e+04 1.7e+04 1.44e+04 1.18e+04 8.77e+03 6.3e+03 4.32e+03 2.17e+03 414 0.309 0.144 0.164 0.185 0.211 0.261 0.357 0.501 0.679 0.878 1.01 1.29 1.5 1.7 1.9 2.09 2.28 2.39 2.53 2.67 2.78 2.84 9.89e+05 1.61e+06 1.65e+06 1.12e+06 2.04e+06 9.05e+05 3.91e+06 4.2e+06 2.26e+06 8.51e+05 1.96e+05 2.54e+06 2.09e+06 3.55e+05 1.88e+06 1.79e+06 1.87e+05 2.9e+06 1.22e+06 2.18e+05 1.91e+06 2.81e+06 1.12e+06 2.23e+06 1.59e+06 4.88e+05 1.57e+05 6.69e+04 6.09e+05 4.64e+06 3.86e+05 1.62e+06 5.7e+05 3.23e+06 3.67e+06 3.39e+06 1.48e+05 5.57e+06 1.9e+06 6.93e+05 2.86e+06 5.05e+06 2.56e+06 2.45e+06 5.23e+06 1.64e+06 5.71e+05 1.25e+06 5.14e+05 2.65e+06 1.58e+06

tempint1 
   0.00117   0.00145   0.00179   0.00222   0.00273   0.00336   0.00412   0.00505   0.00617   0.00752   0.00914    0.0111    0.0134    0.0162    0.0195    0.0234     0.028    0.0334    0.0398    0.0473    0.0559     0.066    0.0776     0.091     0.106     0.124     0.144     0.166    0.0617     0.219     0.251     0.285     0.323     0.364     0.408     0.456     0.295     0.559     0.614      0.67     0.726     0.781     0.833     0.882     0.925     0.947     0.972     0.989     0.997         1         0         0         0         0         0         0         0         0         0         0         0         0         0         0         0         0         0         0         0         0         0         0         0         0         0         0         0         0         0         0         0         0         0         0         0         0         0         0         0         0         0         0         0         0         0         0         0         0         0         0         0
m(2) 
     6e-05  7.49e-05  9.33e-05  0.000116  0.000144  0.000178   0.00022  0.000272  0.000335  0.000411  0.000504  0.000616  0.000752  0.000916   0.00111   0.00135   0.00163   0.00197   0.00236   0.00284    0.0034   0.00405   0.00482   0.00573   0.00678     0.008   0.00942     0.011   0.00416    0.0151    0.0175    0.0203    0.0234    0.0269    0.0308    0.0351    0.0232    0.0452    0.0509     0.057    0.0636    0.0706     0.078    0.0856    0.0933     0.098     0.104      0.11     0.115     0.117         0         0         0         0         0         0         0         0         0         0         0         0         0         0         0         0         0         0         0         0         0         0         0         0         0         0         0         0         0         0         0         0         0         0         0         0         0         0         0         0         0         0         0         0         0         0         0         0         0         0         0
m(3) 
   2.3e-85  1.94e-86   1.6e-87  1.31e-88  1.05e-89  8.27e-91  6.43e-92  4.92e-93  3.71e-94  2.75e-95  2.01e-96  1.45e-97  1.02e-98 7.14e-100  4.9e-101 3.31e-102  2.2e-103 1.44e-104 9.28e-106 5.89e-107 3.68e-108 2.26e-109 1.37e-110 8.17e-112  4.8e-113 2.77e-114 1.58e-115 8.83e-117 4.78e-118 2.64e-119 1.41e-120 7.43e-122 3.85e-123 1.96e-124 9.84e-126 4.86e-127 2.33e-128 1.13e-129 5.35e-131 2.48e-132 1.13e-133  5.1e-135 2.26e-136 9.86e-138 4.23e-139 6.35e-140 5.02e-141 3.93e-142 5.79e-143 1.61e-143         1     0.257     0.243     0.229     0.218     0.207     0.196     0.186     0.177     0.168      0.16     0.152     0.145     0.138     0.132     0.126      0.12     0.116      0.11     0.106     0.101 1.36e-170  4.1e-172 1.21e-173 3.54e-175 1.01e-176 2.86e-178 7.96e-180 2.18e-181 5.87e-183 1.56e-184 4.07e-186 1.05e-187 2.65e-189  6.6e-191 1.62e-192 3.91e-194  9.3e-196 2.18e-197 5.02e-199 1.14e-200 2.54e-202  5.6e-204 1.21e-205 2.58e-207 5.42e-209 1.12e-210 2.28e-212 4.56e-214 8.99e-216 1.75e-217
xdistance
 19.5 19.3 19.2 19.1 19 18.8 18.7 18.6 18.4 18.3 18.1 18 17.8 17.7 17.5 17.4 17.2 17 16.8 16.7 16.5 16.3 16.1 15.9 15.7 15.5 15.2 15 14.8 14.6 14.3 14.1 13.8 13.5 13.3 13 12.7 12.4 12.1 11.7 11.4 11.1 10.7 10.3 9.91 9.67 9.33 8.98 8.7 8.51 2.64e+04 2.38e+04 2.14e+04 1.46e+04 6.99e+03 1.79e+03 2.92e+04 1.23e+03 1.84e+04 1.32e+04 3.65e+04 2.38e+04 3.14e+04 3.22e+03 953 3.87e+04 2.13e+04 3.5e+04 6.11e+04 2.53e+03 2.53e+03 2.53e+03 2.53e+03 2.53e+03 2.53e+03 2.53e+03 2.53e+03 2.53e+03 2.53e+03 2.53e+03 2.53e+03 2.53e+03 2.53e+03 2.53e+03 2.53e+03 2.53e+03 2.53e+03 2.53e+03 2.53e+03 2.53e+03 2.53e+03 2.53e+03 2.53e+03 2.53e+03 2.53e+03 2.53e+03 2.53e+03 2.53e+03 2.53e+03 2.53e+03 2.53e+03

